5
0.010038 -0.049533
0.010038 0.436415
85.714506 0.436415
85.714506 -0.049533
0.010038 -0.049533
5
0.010038 49.314885
0.010038 48.878470
85.714506 48.878470
85.714506 49.314885
0.010038 49.314885
5
0.010038 49.314885
0.436415 49.314885
0.436415 -0.049533
0.010038 0.049533
0.010038 49.314885
5
85.714506 49.314885
85.100907 49.314885
85.100907 -0.049533
85.714506 0.049533
85.714506 49.314885
9
4.279048 44.515193
4.279048 44.843377
4.214895 44.907530
0.074191 44.907530
0.010038 44.843377
0.010038 44.515193
0.074191 44.451040
4.214895 44.451040
4.279048 44.515193
17
6.125738 44.515193
6.125738 44.843377
6.061585 44.907530
5.772678 44.907530
5.708743 44.971465
5.708743 49.192034
5.644590 49.256187
5.316406 49.256187
5.252253 49.192034
5.252253 44.971465
5.188319 44.907530
4.899412 44.907530
4.835259 44.843377
4.835259 44.515193
4.899412 44.451040
6.061585 44.451040
6.125738 44.515193
17
11.785166 44.515193
11.785166 44.843377
11.721013 44.907530
10.538547 44.907530
10.474612 44.971465
10.474612 49.192034
10.410459 49.256187
10.141846 49.256187
10.077693 49.192034
10.077693 44.971465
10.013758 44.907530
6.805672 44.907530
6.741519 44.843377
6.741519 44.515193
6.805672 44.451040
11.721013 44.451040
11.785166 44.515193
17
15.478764 44.515193
15.478764 44.843377
15.414611 44.907530
14.470427 44.907530
14.406493 44.971465
14.406493 49.192034
14.342340 49.256187
14.073508 49.256187
14.009355 49.192034
14.009355 44.971465
13.945420 44.907530
12.465101 44.907530
12.400948 44.843377
12.400948 44.515193
12.465101 44.451040
15.414611 44.451040
15.478764 44.515193
45
26.320838 40.345031
26.320838 49.192034
26.256685 49.256187
16.992687 49.256187
16.928534 49.192034
16.928534 44.971465
16.864600 44.907530
16.099128 44.907530
16.034975 44.843377
16.034975 44.515193
16.099128 44.451040
16.864600 44.451040
16.928534 44.387106
16.928534 40.345031
16.992687 40.280878
23.933430 40.280878
23.997583 40.345031
23.997583 40.792356
23.933430 40.856509
23.406241 40.856509
23.342306 40.920444
23.342306 41.149780
23.278153 41.213933
23.048817 41.213933
22.984882 41.277868
22.984882 42.182774
23.048817 42.246709
23.337724 42.246709
23.401877 42.310862
23.401877 45.915649
23.337724 45.979802
23.167958 45.979802
23.104023 46.043737
23.104023 48.259197
23.167958 48.323132
25.621701 48.323132
25.685636 48.259197
25.685636 40.920444
25.621701 40.856509
25.451936 40.856509
25.387783 40.792356
25.387783 40.345031
25.451936 40.280878
26.256685 40.280878
26.320838 40.345031
9
27.929245 40.345031
27.929245 40.613644
27.865092 40.677797
26.166783 40.677797
26.102630 40.613644
26.102630 40.345031
26.166783 40.280878
27.865092 40.280878
27.929245 40.345031
17
32.158978 40.345031
32.158978 40.613644
32.094825 40.677797
30.376223 40.677797
30.312288 40.741732
30.312288 49.192034
30.248136 49.256187
29.919951 49.256187
29.855798 49.192034
29.855798 40.741732
29.791864 40.677797
28.549172 40.677797
28.485456 40.613862
28.485456 40.344813
28.549172 40.280878
32.094825 40.280878
32.158978 40.345031
33
36.388711 40.345031
36.388711 40.613644
36.324558 40.677797
34.844021 40.677797
34.780086 40.741732
34.780086 41.149780
34.715933 41.213933
34.605738 41.213933
34.541804 41.277868
34.541804 48.259197
34.605738 48.323132
34.775504 48.323132
34.839657 48.387285
34.839657 49.192034
34.775504 49.256187
33.911184 49.256187
33.847031 49.192034
33.847031 48.387285
33.911184 48.323132
34.080949 48.323132
34.144884 48.259197
34.144884 41.277868
34.080949 41.213933
33.911184 41.213933
33.847031 41.149780
33.847031 40.741732
33.783096 40.677797
32.779342 40.677797
32.715189 40.613644
32.715189 40.345031
32.779342 40.280878
36.324558 40.280878
36.388711 40.345031
17
40.554946 40.281096
40.618227 40.345031
40.618227 40.613644
40.554074 40.677797
38.835472 40.677797
38.771537 40.741732
38.771537 49.192034
38.707384 49.256187
38.438770 49.256187
38.374618 49.192034
38.374618 40.741732
38.310683 40.677797
37.068646 40.677797
37.004493 40.613644
37.004493 40.317100
37.068864 40.253384
40.554946 40.281096
33
44.784680 40.281314
44.847960 40.345031
44.847960 40.613644
44.783807 40.677797
43.362840 40.677797
43.298905 40.741732
43.298905 41.149780
43.234752 41.213933
43.064987 41.213933
43.001052 41.277868
43.001052 48.259197
43.064987 48.323132
43.234752 48.323132
43.298905 48.387285
43.298905 49.192034
43.234752 49.256187
42.430003 49.256187
42.365850 49.192034
42.365850 48.387285
42.430003 48.323132
42.540198 48.323132
42.604133 48.259197
42.604133 41.249719
42.541943 41.186221
42.428039 41.183602
42.365850 41.120104
42.365850 40.741732
42.301915 40.677797
41.298161 40.677797
41.234008 40.613644
41.234008 40.322555
41.298379 40.258402
44.784680 40.281314
17
49.105187 40.345467
49.102787 40.614517
49.039070 40.677797
47.354291 40.677797
47.290356 40.741732
47.290356 49.192034
47.226203 49.256187
46.898019 49.256187
46.833866 49.192034
46.833866 40.741732
46.769931 40.677797
45.527894 40.677797
45.463741 40.613644
45.463741 40.345031
45.527894 40.280878
49.041252 40.280878
49.105187 40.345467
33
53.366779 40.345031
53.366779 40.613644
53.302626 40.677797
51.822306 40.677797
51.758372 40.741732
51.758372 41.149780
51.694219 41.213933
51.524453 41.213933
51.460519 41.277868
51.460519 48.259197
51.524453 48.323132
51.694219 48.323132
51.758372 48.387285
51.758372 49.192034
51.694219 49.256187
50.889470 49.256187
50.825317 49.192034
50.825317 48.387285
50.889470 48.323132
50.999664 48.323132
51.063599 48.259197
51.063599 41.277868
50.999664 41.213933
50.889470 41.213933
50.825317 41.149780
50.825317 40.741732
50.761382 40.677797
49.757409 40.677797
49.693256 40.613644
49.693256 40.345031
49.757409 40.280878
53.302626 40.280878
53.366779 40.345031
17
57.596294 40.345031
57.596294 40.613644
57.532141 40.677797
55.813539 40.677797
55.749604 40.741732
55.749604 49.192034
55.685451 49.256187
55.416838 49.256187
55.352685 49.192034
55.352685 40.741732
55.288750 40.677797
53.987143 40.677797
53.922990 40.613644
53.922990 40.345031
53.987143 40.280878
57.532141 40.280878
57.596294 40.345031
41
68.672723 40.295280
68.736439 40.358996
68.736439 49.251604
68.672286 49.315757
59.348718 49.315757
59.284565 49.251604
59.284565 40.741732
59.220630 40.677797
58.276447 40.677797
58.212294 40.613644
58.212294 40.345031
58.276447 40.280878
60.213038 40.280878
60.277191 40.345031
60.277191 40.792356
60.213038 40.856509
59.983702 40.856509
59.919767 40.920444
59.919767 48.259197
59.983702 48.323132
62.497015 48.323132
62.560950 48.259197
62.560950 46.043737
62.497015 45.979802
62.327250 45.979802
62.263097 45.915649
62.263097 42.310862
62.327250 42.246709
62.616156 42.246709
62.680091 42.182774
62.680091 41.277868
62.616156 41.213933
62.327250 41.213933
62.263097 41.149780
62.263097 40.920444
62.199162 40.856509
61.731543 40.856509
61.667390 40.792356
61.667390 40.344594
61.731325 40.280660
68.672723 40.295280
9
70.642699 43.919487
70.642699 44.188101
70.578546 44.252253
68.620789 44.252253
68.556636 44.186791
68.561873 43.917741
68.625371 43.855334
70.578546 43.855334
70.642699 43.919487
17
74.991574 43.919487
74.991574 44.188101
74.927421 44.252253
73.327960 44.252253
73.264026 44.316188
73.264026 49.192034
73.199873 49.256187
72.931259 49.256187
72.867106 49.192034
72.867106 44.316188
72.803171 44.252253
71.263063 44.252253
71.198910 44.188101
71.198910 43.919487
71.263063 43.855334
74.927421 43.855334
74.991574 43.919487
29
77.016976 39.272759
77.016976 40.455226
77.080910 40.519160
84.717517 40.519160
84.781451 40.455226
84.781451 40.285460
84.845604 40.221307
85.650353 40.221307
85.714506 40.285460
85.714506 41.149780
85.650353 41.213933
84.845604 41.213933
84.781451 41.149780
84.781451 40.980015
84.717517 40.916080
79.046741 40.916080
78.982807 40.980015
78.982807 42.102910
78.918654 42.167063
78.650040 42.167063
78.585887 42.102910
78.585887 40.980015
78.521952 40.916080
76.624639 40.916080
76.560486 40.851927
76.560486 39.272759
76.624639 39.208606
76.952823 39.208606
77.016976 39.272759
17
77.234965 43.919487
77.231692 49.192470
77.167757 49.256187
76.353625 49.256187
76.289690 49.192252
76.291654 48.386848
76.355371 48.323132
76.794404 48.323132
76.858339 48.259197
76.858339 44.316188
76.794404 44.252253
75.637032 44.252253
75.573315 44.189192
75.570697 43.919924
75.634631 43.855334
77.170812 43.855334
77.234965 43.919487
9
78.982807 46.838448
78.982807 49.192034
78.918654 49.256187
78.650040 49.256187
78.585887 49.192034
78.585887 46.838448
78.650040 46.774295
78.918654 46.774295
78.982807 46.838448
17
78.982807 42.787427
78.982807 44.506247
79.046741 44.570182
85.650353 44.570182
85.714506 44.634335
85.714506 44.902948
85.650353 44.967101
79.046741 44.967101
78.982807 45.031036
78.982807 46.153931
78.918654 46.218084
78.650040 46.218084
78.585887 46.153931
78.585887 42.787427
78.650040 42.723274
78.918654 42.723274
78.982807 42.787427
17
77.016976 35.162167
77.016976 36.463993
77.080910 36.527928
85.650353 36.527928
85.714506 36.592081
85.714506 36.860694
85.650353 36.924847
77.080910 36.924847
77.016976 36.988782
77.016976 38.171248
76.952823 38.235401
76.624639 38.235401
76.560486 38.171248
76.560486 35.162167
76.624639 35.098014
76.952823 35.098014
77.016976 35.162167
17
77.016976 27.119913
77.016976 28.361950
77.080910 28.425885
85.650353 28.425885
85.714506 28.490038
85.714506 28.758651
85.650353 28.822804
77.080910 28.822804
77.016976 28.886739
77.016976 30.545989
76.952823 30.610142
76.624639 30.610142
76.560486 30.545989
76.560486 27.119913
76.624639 27.055760
76.952823 27.055760
77.016976 27.119913
25
77.016976 31.205193
77.016976 32.412972
77.080910 32.476906
84.717517 32.476906
84.781451 32.412972
84.781451 32.243206
84.845604 32.179053
85.650353 32.179053
85.714506 32.243206
85.714506 33.047955
85.650353 33.112108
84.845604 33.112108
84.781451 33.047955
84.781451 32.937761
84.717517 32.873826
77.080910 32.873826
77.016976 32.937761
77.016976 34.499471
76.952823 34.563624
76.624639 34.563624
76.560486 34.499471
76.560486 31.213485
76.622238 31.149987
76.951077 31.141040
77.016976 31.205193
25
77.016976 23.128681
77.016976 24.311147
77.080910 24.375082
84.717517 24.375082
84.781451 24.311147
84.781451 24.200952
84.845604 24.136799
85.650353 24.136799
85.714506 24.200952
85.714506 25.005701
85.650353 25.069854
84.845604 25.069854
84.781451 25.005701
84.781451 24.895507
84.717517 24.831572
77.080910 24.831572
77.016976 24.895507
77.016976 26.435397
76.952823 26.499550
76.624639 26.499550
76.560486 26.435397
76.560486 23.128681
76.624639 23.064528
76.952823 23.064528
77.016976 23.128681
17
77.016976 19.077660
77.016976 20.319696
77.080910 20.383631
85.650353 20.383631
85.714506 20.447784
85.714506 20.716397
85.650353 20.780550
77.080910 20.780550
77.016976 20.844485
77.016976 22.444164
76.952823 22.508317
76.624639 22.508317
76.560486 22.444164
76.560486 19.077660
76.624639 19.013507
76.952823 19.013507
77.016976 19.077660
25
77.016976 15.086427
77.016976 16.268893
77.080910 16.332828
84.717517 16.332828
84.781451 16.268893
84.781451 16.158698
84.845604 16.094545
85.650353 16.094545
85.714506 16.158698
85.714506 16.963447
85.650353 17.027600
84.845604 17.027600
84.781451 16.963447
84.781451 16.793682
84.717517 16.729747
77.080910 16.729747
77.016976 16.793682
77.016976 18.393143
76.952823 18.457296
76.624639 18.457296
76.560486 18.393143
76.560486 15.086427
76.624639 15.022274
76.952823 15.022274
77.016976 15.086427
17
77.016976 11.035406
77.016976 12.217872
77.080910 12.281807
85.650353 12.281807
85.714506 12.345960
85.714506 12.614573
85.650353 12.678726
77.080910 12.678726
77.016976 12.742661
77.016976 14.401910
76.952823 14.466063
76.624639 14.466063
76.560486 14.401910
76.560486 11.035406
76.624639 10.971253
76.952823 10.971253
77.016976 11.035406
29
78.982807 6.686531
78.982807 8.226639
79.046741 8.290574
84.717517 8.290574
84.781451 8.226639
84.781451 8.056874
84.845604 7.992721
85.650353 7.992721
85.714506 8.056874
85.714506 8.861623
85.650353 8.925776
84.845604 8.925776
84.781451 8.861623
84.781451 8.751428
84.717517 8.687493
77.080910 8.687493
77.016976 8.751428
77.016976 9.874324
76.952823 9.938477
76.624639 9.938477
76.560486 9.874324
76.560486 8.354727
76.624639 8.290574
78.489658 8.290574
78.553592 8.226639
78.553592 6.686531
78.617745 6.622378
78.918654 6.622378
78.982807 6.686531
17
78.982807 2.695298
78.982807 4.175618
79.046741 4.239553
85.650353 4.239553
85.714506 4.303706
85.714506 4.572319
85.650353 4.636472
79.046741 4.636472
78.982807 4.700407
78.982807 5.942444
78.918654 6.006597
78.650040 6.006597
78.585887 5.942444
78.585887 2.695298
78.650040 2.631145
78.918654 2.631145
78.982807 2.695298
9
78.982807 0.074191
78.982807 1.951211
78.918654 2.015364
78.650040 2.015364
78.585887 1.951211
78.585887 0.074191
78.650040 0.010038
78.918654 0.010038
78.982807 0.074191
9
85.714506 0.074191
85.714506 0.819369
85.650353 0.883522
84.845604 0.883522
84.781451 0.819369
84.781451 0.074191
84.845604 0.010038
85.650353 0.010038
85.714506 0.074191
17
77.255258 0.074191
77.255258 5.287167
77.191105 5.351320
75.373655 5.351320
75.309502 5.287167
75.309502 5.018553
75.373655 4.954400
76.794404 4.954400
76.858339 4.890465
76.858339 0.947457
76.794404 0.883522
76.326785 0.883522
76.262632 0.819369
76.262632 0.074191
76.326785 0.010038
77.191105 0.010038
77.255258 0.074191
17
73.264026 0.074191
73.264026 4.890465
73.327960 4.954400
74.689138 4.954400
74.753291 5.018553
74.753291 5.287167
74.689138 5.351320
71.084351 5.351320
71.020198 5.287167
71.020198 5.018553
71.084351 4.954400
72.803171 4.954400
72.867106 4.890465
72.867106 0.074191
72.931259 0.010038
73.199873 0.010038
73.264026 0.074191
9
72.191536 0.074191
72.191536 0.819369
72.127383 0.883522
71.382204 0.883522
71.318051 0.819369
71.318051 0.074191
71.382204 0.010038
72.127383 0.010038
72.191536 0.074191
9
70.404417 5.052812
70.404417 5.287167
70.340264 5.351320
68.608351 5.351320
68.544635 5.288258
68.542453 5.056521
68.606387 4.991932
70.340482 4.988877
70.404417 5.052812
29
68.796010 0.074191
68.796010 8.980764
68.732730 9.044481
61.731980 9.104924
61.667390 9.040989
61.667390 8.354727
61.731543 8.290574
62.199162 8.290574
62.263097 8.226639
62.263097 3.291005
62.327250 3.226852
62.497015 3.226852
62.560950 3.162917
62.560950 0.947457
62.497015 0.883522
59.983702 0.883522
59.919767 0.947457
59.919767 8.286210
59.983702 8.350145
60.213038 8.350145
60.277191 8.414298
60.277191 8.980764
60.213038 9.044917
59.408289 9.044917
59.344136 8.980764
59.344136 0.074191
59.408289 0.010038
68.731857 0.010038
68.796010 0.074191
9
59.562343 8.652580
59.562343 8.861623
59.498190 8.925776
58.276447 8.925776
58.212294 8.861623
58.212294 8.652580
58.276447 8.588427
59.498190 8.588427
59.562343 8.652580
17
55.749604 0.074191
55.749604 8.524492
55.813539 8.588427
57.532141 8.588427
57.596294 8.652580
57.596294 8.921194
57.532141 8.985347
53.987143 8.985347
53.922990 8.921194
53.922990 8.652580
53.987143 8.588427
55.288750 8.588427
55.352685 8.524492
55.352685 0.074191
55.416838 0.010038
55.685451 0.010038
55.749604 0.074191
33
51.758372 0.074191
51.758372 0.819369
51.694219 0.883522
51.524453 0.883522
51.460519 0.947457
51.460519 7.928786
51.524453 7.992721
51.694219 7.992721
51.758372 8.056874
51.758372 8.464922
51.822306 8.528857
53.302626 8.528857
53.366779 8.593010
53.366779 8.921194
53.302626 8.985347
49.757409 8.985347
49.693256 8.921194
49.693256 8.593010
49.757409 8.528857
50.761382 8.528857
50.825317 8.464922
50.825317 8.056874
50.889470 7.992721
51.059235 7.992721
51.123170 7.928786
51.123170 0.947457
51.059235 0.883522
50.889470 0.883522
50.825317 0.819369
50.825317 0.074191
50.889470 0.010038
51.694219 0.010038
51.758372 0.074191
17
47.290356 0.074191
47.290356 8.464922
47.354291 8.528857
49.013322 8.528857
49.077475 8.593010
49.077475 8.921194
49.013322 8.985347
45.527894 8.985347
45.463741 8.921194
45.463741 8.593010
45.527894 8.528857
46.769931 8.528857
46.833866 8.464922
46.833866 0.074191
46.898019 0.010038
47.226203 0.010038
47.290356 0.074191
33
43.298905 0.074191
43.298905 0.819369
43.234752 0.883522
43.124557 0.883522
43.060623 0.947457
43.060623 7.928786
43.124557 7.992721
43.234752 7.992721
43.298905 8.056874
43.298905 8.464922
43.362840 8.528857
44.783807 8.528857
44.847960 8.593010
44.847960 8.921194
44.783807 8.985347
41.298161 8.985347
41.234008 8.921194
41.234008 8.652580
41.298161 8.588427
42.301915 8.588427
42.365850 8.524492
42.365850 8.056874
42.430003 7.992721
42.540198 7.992721
42.604133 7.928786
42.604133 0.947457
42.540198 0.883522
42.430003 0.883522
42.365850 0.819369
42.365850 0.074191
42.430003 0.010038
43.234752 0.010038
43.298905 0.074191
17
38.831108 0.074191
38.831108 8.464922
38.895042 8.528857
40.554074 8.528857
40.618227 8.593010
40.618227 8.921194
40.554074 8.985347
37.009075 8.985347
36.944922 8.921194
36.944922 8.593010
37.009075 8.528857
38.310683 8.528857
38.374618 8.464922
38.374618 0.074191
38.438770 0.010038
38.766955 0.010038
38.831108 0.074191
33
34.839657 0.074191
34.839657 0.819369
34.775504 0.883522
34.605738 0.883522
34.541804 0.947457
34.541804 7.928786
34.605738 7.992721
34.715933 7.992721
34.780086 8.056874
34.780086 8.464922
34.844021 8.528857
36.324558 8.528857
36.388711 8.593010
36.388711 8.921194
36.324558 8.985347
32.779342 8.985347
32.715189 8.921194
32.715189 8.593010
32.779342 8.528857
33.842667 8.528857
33.906602 8.464922
33.906602 8.056874
33.970755 7.992721
34.080949 7.992721
34.144884 7.928786
34.144884 0.887886
34.080949 0.823951
33.911184 0.823951
33.847031 0.759798
33.847031 0.074191
33.911184 0.010038
34.775504 0.010038
34.839657 0.074191
17
30.312288 0.074191
30.312288 8.464922
30.376223 8.528857
32.094825 8.528857
32.158978 8.593010
32.158978 8.921194
32.094825 8.985347
28.549172 8.985347
28.485456 8.921412
28.485456 8.592791
28.549172 8.528857
29.791864 8.528857
29.855798 8.464922
29.855798 0.074191
29.919951 0.010038
30.248136 0.010038
30.312288 0.074191
9
27.869674 8.593010
27.869674 8.921194
27.805521 8.985347
26.107213 8.985347
26.043060 8.921194
26.043060 8.593010
26.107213 8.528857
27.805521 8.528857
27.869674 8.593010
29
26.321274 0.074627
26.260831 9.041208
26.197114 9.104488
25.451936 9.104488
25.387783 9.040335
25.387783 8.414298
25.451936 8.350145
25.621701 8.350145
25.685636 8.286210
25.685636 0.947457
25.621701 0.883522
23.167958 0.883522
23.104023 0.947457
23.104023 3.103346
23.167958 3.167281
23.278153 3.167281
23.342306 3.231434
23.342306 8.286210
23.406241 8.350145
23.933430 8.350145
23.997583 8.414298
23.997583 9.040335
23.933430 9.104488
16.992687 9.104488
16.928534 9.040335
16.928534 0.074191
16.992687 0.010038
26.257121 0.010038
26.321274 0.074627
9
17.146742 2.993152
17.146742 3.380906
17.082589 3.445059
15.979986 3.445059
15.915833 3.380906
15.915833 2.993152
15.979986 2.928999
17.082589 2.928999
17.146742 2.993152
17
14.525634 0.014620
14.525634 2.893431
14.590005 2.957366
15.235463 2.952783
15.300052 3.016936
15.300052 3.380906
15.235899 3.445059
12.802231 3.445059
12.738297 3.508994
12.738297 3.976613
12.674144 4.040766
12.286389 4.040766
12.222236 3.976613
12.222236 0.014620
12.286389 -0.049533
14.461481 -0.049533
14.525634 0.014620
33
12.738297 5.078124
12.738297 5.545742
12.802231 5.609677
14.461481 5.609677
14.525634 5.673830
14.525634 11.423160
14.461481 11.487313
12.802231 11.487313
12.738297 11.551248
12.738297 12.018867
12.674144 12.083020
12.286389 12.083020
12.222236 12.018867
12.222236 8.810999
12.158301 8.747064
0.947457 8.747064
0.883522 8.810999
0.883522 8.921194
0.819369 8.985347
0.074191 8.985347
0.010038 8.921194
0.010038 8.056874
0.074191 7.992721
0.759798 7.992721
0.823951 8.056874
0.823951 8.226639
0.887886 8.290574
12.158301 8.290574
12.222236 8.226639
12.222236 5.078124
12.286389 5.013971
12.674144 5.013971
12.738297 5.078124
33
12.738297 13.120378
12.738297 13.528426
12.802231 13.592361
13.091138 13.592361
13.155291 13.656514
13.155291 13.925127
13.091138 13.989280
12.742661 13.989280
12.678726 14.053215
12.678726 20.061121
12.614573 20.125273
12.286389 20.125273
12.222236 20.061121
12.222236 16.853253
12.158301 16.789318
0.947457 16.789318
0.883522 16.853253
0.883522 16.963447
0.819369 17.027600
0.074191 17.027600
0.010038 16.963447
0.010038 16.158698
0.074191 16.094545
0.759798 16.094545
0.823951 16.158698
0.823951 16.268893
0.887886 16.332828
12.158301 16.332828
12.222236 16.268893
12.222236 13.120378
12.286389 13.056225
12.674144 13.056225
12.738297 13.120378
17
14.406493 13.656514
14.406493 19.405844
14.342340 19.469997
12.524671 19.469997
12.460518 19.405844
12.460518 19.137230
12.524671 19.073077
14.005209 19.073077
14.069144 19.009142
14.069144 14.053215
14.005209 13.989280
13.716084 13.989280
13.651931 13.925127
13.651931 13.656514
13.716084 13.592361
14.342340 13.592361
14.406493 13.656514
33
12.738297 21.103061
12.738297 21.570898
12.802231 21.634833
14.342340 21.634833
14.406493 21.698986
14.406493 27.507668
14.342340 27.571821
12.802231 27.571821
12.738297 27.635756
12.738297 28.103374
12.674144 28.167527
12.286389 28.167527
12.222236 28.103374
12.222236 24.835936
12.158301 24.772001
0.947457 24.772001
0.883522 24.835936
0.883522 25.005701
0.819369 25.069854
0.074191 25.069854
0.010038 25.005701
0.010038 24.200952
0.074191 24.136799
0.819369 24.136799
0.883522 24.200952
0.883522 24.312020
0.947020 24.375955
12.157865 24.433780
12.222236 24.369845
12.222236 21.103061
12.286389 21.038908
12.674144 21.038908
12.738297 21.103061
33
12.738297 29.205104
12.738297 29.613152
12.802231 29.677087
14.342340 29.677087
14.406493 29.741240
14.406493 35.549922
14.342340 35.614075
12.742661 35.614075
12.678726 35.678010
12.678726 36.145847
12.614573 36.210000
12.286389 36.210000
12.222236 36.145847
12.222236 32.937761
12.158301 32.873826
0.947457 32.873826
0.883522 32.937761
0.883522 33.047955
0.819369 33.112108
0.074191 33.112108
0.010038 33.047955
0.010038 32.243206
0.074191 32.179053
0.759798 32.179053
0.823951 32.243206
0.823951 32.412972
0.887886 32.476906
12.158301 32.476906
12.222236 32.412972
12.222236 29.205104
12.286389 29.140951
12.674144 29.140951
12.738297 29.205104
41
12.738297 37.306928
12.738297 37.655406
12.802231 37.719341
13.150709 37.719341
13.214862 37.783494
13.214862 38.171248
13.150709 38.235401
12.802231 38.235401
12.738297 38.299336
12.738297 40.753079
12.802231 40.817014
13.349714 40.817014
13.413649 40.753079
13.413649 40.345031
13.477802 40.280878
13.945420 40.280878
14.009355 40.216943
14.009355 38.299336
13.945420 38.235401
13.716084 38.235401
13.651931 38.171248
13.651931 37.843064
13.716084 37.778911
14.402565 37.778911
14.466718 37.844373
14.405838 41.270667
14.342121 41.333074
0.074191 41.333074
0.010038 41.268921
0.010038 40.345031
0.074191 40.280878
0.819369 40.280878
0.883522 40.345031
0.883522 40.812649
0.947457 40.876584
12.158301 40.876584
12.222236 40.812649
12.222236 37.306928
12.286389 37.242775
12.674144 37.242775
12.738297 37.306928
9
69.629999 40.940737
69.629999 41.268921
69.565846 41.333074
68.582385 41.333074
68.518232 41.268921
68.518232 40.940737
68.582385 40.876584
69.565846 40.876584
69.629999 40.940737
29
74.690011 35.895344
74.753291 35.959061
74.753291 41.209351
74.689138 41.273504
70.667357 41.273504
70.603204 41.209351
70.603204 40.940737
70.667357 40.876584
71.134975 40.876584
71.198910 40.812649
71.198910 37.306928
71.263063 37.242775
71.591247 37.242775
71.655400 37.306928
71.655400 40.157372
71.719335 40.221307
72.186954 40.221307
72.251107 40.285460
72.251107 40.872220
72.315041 40.936155
74.232867 40.936155
74.296801 40.872220
74.296801 36.392639
74.233085 36.328923
71.262627 36.321504
71.198910 36.257569
71.198910 35.936367
71.263500 35.872214
74.690011 35.895344
9
71.633361 34.268608
71.625506 36.012304
71.561789 36.075802
71.263063 36.075802
71.198910 36.011649
71.198910 34.268608
71.263063 34.204455
71.569426 34.204455
71.633361 34.268608
21
74.753291 32.124065
74.753291 36.026705
74.689138 36.090858
74.360954 36.090858
74.296801 36.026705
74.296801 32.520766
74.232867 32.456831
72.315041 32.456831
72.251107 32.520766
72.251107 33.107526
72.186954 33.171679
71.719335 33.171679
71.655400 33.235614
71.655400 33.464950
71.591247 33.529103
71.263063 33.529103
71.198910 33.464950
71.198910 32.124065
71.263063 32.059912
74.689138 32.059912
74.753291 32.124065
9
74.753291 16.992687
74.753291 32.213966
74.689138 32.278119
74.360954 32.278119
74.296801 32.213966
74.296801 16.992687
74.360954 16.928534
74.689138 16.928534
74.753291 16.992687
37
74.753291 7.937733
74.753291 17.082589
74.689138 17.146742
71.263063 17.146742
71.198910 17.082589
71.198910 15.801275
71.263063 15.737122
71.591247 15.737122
71.655400 15.801275
71.655400 15.971040
71.719335 16.034975
72.186954 16.034975
72.251107 16.099128
72.251107 16.685888
72.315041 16.749822
74.232867 16.749822
74.296801 16.685888
74.296801 8.334434
74.232867 8.270499
72.315041 8.270499
72.251107 8.334434
72.251107 8.861623
72.186954 8.925776
71.719335 8.925776
71.655400 8.989711
71.655400 14.997617
71.591247 15.061770
71.263063 15.061770
71.198910 14.997617
71.198910 8.334434
71.134975 8.270499
70.726927 8.270499
70.662774 8.206346
70.662774 7.937733
70.726927 7.873580
74.689138 7.873580
74.753291 7.937733
9
69.629999 7.937733
69.629999 8.206346
69.565846 8.270499
68.600059 8.270499
68.536125 8.205910
68.538743 7.936642
68.602460 7.873580
69.565846 7.873580
69.629999 7.937733
53
23.283172 32.184290
23.222510 36.742862
23.158794 36.805706
21.520274 36.805706
21.456121 36.741553
21.456121 36.115516
21.520274 36.051363
21.749610 36.051363
21.813545 35.987428
21.813545 34.903592
21.749610 34.839657
20.487061 34.839657
20.423127 34.903592
20.423127 35.987428
20.487061 36.051363
20.716397 36.051363
20.780550 36.115516
20.780550 36.741553
20.716397 36.805706
19.375513 36.805706
19.311360 36.741553
19.311360 36.115516
19.375513 36.051363
19.604849 36.051363
19.668784 35.987428
19.668784 34.903592
19.604849 34.839657
18.282948 34.839657
18.219013 34.903592
18.219013 35.987428
18.282948 36.051363
18.512284 36.051363
18.576437 36.115516
18.576437 36.741553
18.512284 36.805706
16.873546 36.805706
16.809393 36.741553
16.809393 33.970755
16.873546 33.906602
22.583599 33.906602
22.647533 33.842667
22.647533 32.878190
22.583599 32.814255
17.448959 32.814255
17.385024 32.878190
17.385024 33.345809
17.320871 33.409962
16.873546 33.409962
16.809393 33.345809
16.809393 32.183636
16.873546 32.119483
23.219237 32.119483
23.283172 32.184290
13
23.282735 36.651651
23.282735 37.297982
23.346670 37.361917
25.124843 37.361917
25.188996 37.426070
25.188996 37.813824
25.124843 37.877977
22.890398 37.877977
22.826245 37.813824
22.826245 36.651651
22.890398 36.587498
23.218582 36.587498
23.282735 36.651651
21
26.559120 32.183636
26.559120 37.813824
26.494967 37.877977
25.749789 37.877977
25.685636 37.813824
25.685636 37.485640
25.749789 37.421487
25.979125 37.421487
26.043060 37.357553
26.043060 33.176043
25.979125 33.112108
25.511506 33.112108
25.447353 33.047955
25.447353 32.580337
25.383419 32.516402
23.128681 32.516402
23.064528 32.452249
23.064528 32.183636
23.128681 32.119483
26.494967 32.119483
26.559120 32.183636
9
19.172143 32.004924
19.172143 32.273537
19.107990 32.337690
18.839377 32.337690
18.775224 32.273537
18.775224 32.004924
18.839377 31.940771
19.107990 31.940771
19.172143 32.004924
21
20.065703 30.336946
20.065703 32.273537
20.001550 32.337690
19.673366 32.337690
19.609213 32.273537
19.609213 30.793218
19.545278 30.729283
19.236078 30.729283
19.172143 30.793218
19.172143 31.379978
19.107990 31.444131
18.839377 31.444131
18.775224 31.379978
18.775224 30.793218
18.711289 30.729283
18.362812 30.729283
18.298659 30.665130
18.298659 30.336946
18.362812 30.272793
20.001550 30.272793
20.065703 30.336946
29
26.618691 28.073044
26.618691 28.341657
26.554538 28.405810
26.027349 28.405810
25.963414 28.469745
25.963414 28.758651
25.899261 28.822804
25.749789 28.822804
25.685636 28.758651
25.685636 28.469745
25.621701 28.405810
21.082768 28.405810
21.018833 28.469745
21.018833 28.997152
20.954680 29.061305
17.270247 29.061305
17.206312 29.125240
17.206312 30.208858
17.270247 30.272793
17.559154 30.272793
17.623307 30.336946
17.623307 30.724701
17.559154 30.788854
16.873546 30.788854
16.809393 30.724701
16.809393 28.073044
16.873546 28.008891
26.554538 28.008891
26.618691 28.073044
9
26.678262 11.631112
26.678262 37.396830
26.614109 37.460983
26.372116 37.460983
26.307964 37.396830
26.305345 11.631112
26.369498 11.566959
26.614109 11.566959
26.678262 11.631112
9
25.991344 31.882728
26.005092 32.271137
25.940720 32.337690
19.920595 32.337690
19.856442 32.273537
19.856442 31.885782
19.920595 31.821629
25.928064 31.821629
25.991344 31.882728
9
21.078404 30.396517
21.078404 31.975684
21.014251 32.039837
20.773131 32.039837
20.709415 31.975684
20.713124 30.396080
20.777059 30.332364
21.014251 30.332364
21.078404 30.396517
9
22.091323 30.396517
22.091323 31.975684
22.027170 32.039837
21.758556 32.039837
21.694403 31.975684
21.694403 30.396517
21.758556 30.332364
22.027170 30.332364
22.091323 30.396517
9
23.104023 30.396517
23.104023 31.975684
23.039870 32.039837
22.771257 32.039837
22.707104 31.975684
22.707104 30.396517
22.771257 30.332364
23.039870 30.332364
23.104023 30.396517
9
24.116724 30.396517
24.116724 31.975684
24.052571 32.039837
23.783958 32.039837
23.719805 31.975684
23.719805 30.396517
23.783958 30.332364
24.052571 30.332364
24.116724 30.396517
9
25.069854 30.396517
25.069854 31.975684
25.005701 32.039837
24.737088 32.039837
24.672935 31.975684
24.672935 30.396517
24.737088 30.332364
25.005701 30.332364
25.069854 30.396517
9
25.963414 29.562528
25.963414 31.975684
25.899261 32.039837
25.690218 32.039837
25.626065 31.975684
25.626065 29.562528
25.690218 29.498375
25.899261 29.498375
25.963414 29.562528
17
17.907413 26.561084
17.963710 26.620218
17.989895 27.206542
17.925524 27.273968
17.270247 27.273968
17.206312 27.337903
17.206312 28.162945
17.142159 28.227098
16.873546 28.227098
16.809393 28.162945
16.809393 26.940547
16.874201 26.876612
17.519222 26.882722
17.583811 26.818569
17.583811 26.602980
17.654729 26.538172
17.907413 26.561084
41
17.980731 19.077660
17.980731 19.346273
17.916578 19.410426
17.210677 19.410426
17.146742 19.474361
17.146742 24.013294
17.210677 24.077229
17.737866 24.077229
17.802019 24.141382
17.802019 24.311147
17.865954 24.375082
25.264277 24.375082
25.328212 24.311147
25.328212 24.200952
25.392365 24.136799
26.435397 24.136799
26.499550 24.200952
26.499550 25.005701
26.435397 25.069854
25.451936 25.069854
25.387783 25.005701
25.387783 24.835936
25.323848 24.772001
19.176507 24.772001
19.112573 24.835936
19.112573 25.184413
19.048420 25.248566
17.985095 25.248566
17.921160 25.312501
17.921160 25.482266
17.857007 25.546419
17.647964 25.546419
17.583811 25.482266
17.583811 25.252930
17.519876 25.188996
16.873546 25.188996
16.809393 25.124843
16.809393 19.077660
16.873546 19.013507
17.916578 19.013507
17.980731 19.077660
41
20.184844 15.026856
20.184844 17.082589
20.120691 17.146742
19.176507 17.146742
19.112573 17.210677
19.112573 17.499583
19.048420 17.563736
18.044665 17.563736
17.980731 17.627671
17.980731 17.678295
17.916578 17.742448
17.647964 17.742448
17.583811 17.678295
17.583811 17.210677
17.519876 17.146742
16.873546 17.146742
16.809393 17.082589
16.809393 15.801275
16.873546 15.737122
17.142159 15.737122
17.206312 15.801275
17.206312 15.971040
17.270247 16.034975
17.797436 16.034975
17.861589 16.099128
17.861589 16.626317
17.925524 16.690252
19.664419 16.690252
19.728354 16.626317
19.728354 15.483128
19.664419 15.419193
19.414790 15.419193
19.350855 15.483128
19.350855 16.129459
19.286702 16.193612
18.958518 16.193612
18.894365 16.129459
18.894365 15.026856
18.958518 14.962703
20.120691 14.962703
20.184844 15.026856
9
23.074784 16.561728
23.065837 17.084116
23.002121 17.146742
20.030790 17.146742
19.966637 17.082589
19.966637 16.568274
20.030353 16.504121
23.010631 16.496702
23.074784 16.561728
50
26.559120 11.392829
26.559120 11.676499
26.498895 17.024109
26.435397 17.087171
22.890398 17.087171
22.826245 17.023018
22.826245 12.027813
22.762311 11.963878
20.248779 11.963878
20.184844 12.027813
20.184844 13.388991
20.120691 13.453144
19.852078 13.453144
19.787925 13.388991
19.787925 11.849101
19.723990 11.785166
17.925524 11.785166
17.861589 11.849101
17.861589 14.759334
17.797436 14.823487
17.270247 14.823487
17.206312 14.887422
17.206312 14.997617
17.142159 15.061770
16.865691 15.061770
16.801756 14.997835
16.809611 11.392393
16.873328 11.328676
24.648278 11.328676
24.712431 11.392829
24.712431 11.721013
24.648278 11.785166
23.346670 11.785166
23.282735 11.849101
23.282735 16.566746
23.346670 16.630681
25.323848 16.630681
25.387783 16.566746
25.387783 16.158698
25.451936 16.094545
25.979125 16.094545
26.043060 16.030611
26.043060 11.849101
25.979125 11.785166
25.273224 11.785166
25.209071 11.721013
25.209071 11.392829
25.273224 11.328676
26.494967 11.328676
26.559120 11.392829
9
21.197545 11.809824
21.197545 13.388991
21.133392 13.453144
20.864779 13.453144
20.800626 13.388991
20.800626 11.809824
20.864779 11.745671
21.133392 11.745671
21.197545 11.809824
9
22.150893 11.809824
22.150893 13.388991
22.086740 13.453144
21.877698 13.453144
21.813545 13.388991
21.813545 11.809824
21.877698 11.745671
22.086740 11.745671
22.150893 11.809824
9
22.210464 15.086427
22.210464 16.665594
22.146311 16.729747
21.877698 16.729747
21.813545 16.665594
21.813545 15.086427
21.877698 15.022274
22.146311 15.022274
22.210464 15.086427
9
21.197545 15.026856
21.197545 16.665594
21.133392 16.729747
20.924349 16.729747
20.860196 16.665594
20.860196 15.026856
20.924349 14.962703
21.133392 14.962703
21.197545 15.026856
24
59.205137 16.397199
59.144912 24.708721
59.081196 24.772001
57.943898 24.772001
57.907021 24.758036
56.388734 23.415405
56.352075 23.401222
51.126007 23.343179
51.083456 23.361508
49.750427 24.801023
49.749554 24.885469
51.085420 26.381499
51.127970 26.400483
56.768633 26.400483
59.079450 26.339822
59.145349 26.403975
59.145349 32.809891
59.081632 32.873608
26.583560 32.933615
26.519625 32.869680
26.519625 16.396981
26.583778 16.332828
59.141203 16.332828
59.205137 16.397199
9
57.238870 11.571541
57.238870 11.899944
57.175372 11.963660
28.370897 12.083238
28.306526 12.019303
28.306526 11.571323
28.370679 11.507388
57.174717 11.507388
57.238870 11.571541
9
59.324061 26.226354
59.324061 37.635112
59.259908 37.699265
58.991294 37.699265
58.927141 37.635112
58.927141 26.226354
58.991294 26.162201
59.259908 26.162201
59.324061 26.226354
9
59.324061 11.571541
59.324061 24.707848
59.259908 24.772001
58.991294 24.772001
58.927141 24.707848
58.927141 11.571541
58.991294 11.507388
59.259908 11.507388
59.324061 11.571541
22
60.396332 11.392829
60.396332 11.721013
60.332179 11.785166
59.745419 11.785166
59.681484 11.849101
59.681484 16.030611
59.745419 16.094545
60.213038 16.094545
60.277191 16.158698
60.277191 16.626317
60.341126 16.690252
62.536292 16.690252
62.600445 16.754405
62.600445 17.082589
62.536292 17.146742
59.170006 17.146742
59.105853 17.082589
59.105853 16.977195
59.045846 11.393266
59.109781 11.328676
60.332179 11.328676
60.396332 11.392829
61
68.915806 11.394139
68.854708 14.999144
68.790991 15.061770
68.522814 15.061770
68.458661 14.997617
68.458661 14.946992
68.394726 14.883058
67.867537 14.883058
67.803384 14.818905
67.803384 11.789531
67.739449 11.725596
65.940983 11.725596
65.877049 11.789531
65.877049 13.388991
65.812896 13.453144
65.544282 13.453144
65.480129 13.388991
65.480129 12.027813
65.416194 11.963878
62.843092 11.963878
62.779157 12.027813
62.779157 16.447605
62.843092 16.511540
65.416194 16.511540
65.480129 16.447605
65.480129 15.026856
65.544282 14.962703
66.646885 14.962703
66.711038 15.026856
66.711038 16.129459
66.646885 16.193612
66.437842 16.193612
66.373689 16.129459
66.373689 15.423557
66.309754 15.359623
65.940983 15.359623
65.877049 15.423557
65.877049 16.626317
65.940983 16.690252
67.679879 16.690252
67.743813 16.626317
67.743813 16.099128
67.807966 16.034975
68.394726 16.034975
68.458661 15.971040
68.458661 15.801275
68.522814 15.737122
68.850998 15.737122
68.915151 15.801275
68.915151 17.082589
68.850998 17.146742
62.446391 17.146742
62.382238 17.082589
62.382238 11.849101
62.318303 11.785166
61.076266 11.785166
61.012113 11.721013
61.012113 11.392829
61.076266 11.328676
68.851653 11.328676
68.915806 11.394139
9
63.791858 11.809824
63.791858 13.388991
63.727705 13.453144
63.518662 13.453144
63.454509 13.388991
63.454509 11.809824
63.518662 11.745671
63.727705 11.745671
63.791858 11.809824
9
64.804559 11.809824
64.804559 13.388991
64.740406 13.453144
64.531363 13.453144
64.467210 13.388991
64.467210 11.809824
64.531363 11.745671
64.740406 11.745671
64.804559 11.809824
9
63.851429 15.086427
63.851429 16.665594
63.787276 16.729747
63.518662 16.729747
63.454509 16.665594
63.454509 15.086427
63.518662 15.022274
63.787276 15.022274
63.851429 15.086427
9
64.804559 15.086427
64.804559 16.665594
64.740406 16.729747
64.531363 16.729747
64.467210 16.665594
64.467210 15.086427
64.531363 15.022274
64.740406 15.022274
64.804559 15.086427
13
68.021591 16.992687
68.021591 17.737866
67.957438 17.802019
67.688825 17.802019
67.624672 17.737866
67.624672 17.627671
67.560737 17.563736
66.616554 17.563736
66.552401 17.499583
66.552401 16.992687
66.616554 16.928534
67.957438 16.928534
68.021591 16.992687
33
68.915151 19.018089
68.915151 25.005701
68.850998 25.069854
67.807966 25.069854
67.743813 25.005701
67.743813 24.895507
67.679879 24.831572
60.341126 24.831572
60.277191 24.895507
60.277191 25.065272
60.213038 25.129425
59.170006 25.129425
59.105853 25.065272
59.105853 24.141382
59.170006 24.077229
60.213038 24.077229
60.277191 24.141382
60.277191 24.311147
60.341126 24.375082
67.739449 24.375082
67.803384 24.311147
67.803384 24.200952
67.867537 24.136799
68.454297 24.136799
68.518232 24.072865
68.518232 19.474361
68.454297 19.410426
67.688825 19.410426
67.624672 19.346273
67.624672 19.018089
67.688825 18.953936
68.850998 18.953936
68.915151 19.018089
9
68.855580 26.702919
68.855580 28.162945
68.791427 28.227098
65.484712 28.227098
65.420559 28.162945
65.420559 26.702919
65.484712 26.638766
68.791427 26.638766
68.855580 26.702919
25
68.855580 28.073044
68.855580 30.724701
68.791427 30.788854
68.463243 30.788854
68.399090 30.724701
68.399090 29.125240
68.335156 29.061305
64.769646 29.061305
64.705493 28.997152
64.705493 28.469745
64.641558 28.405810
60.102843 28.405810
60.038908 28.469745
60.038908 28.758651
59.974755 28.822804
59.706142 28.822804
59.641989 28.758651
59.641989 28.469745
59.578054 28.405810
59.170006 28.405810
59.105853 28.341657
59.105853 28.073044
59.170006 28.008891
68.791427 28.008891
68.855580 28.073044
28
59.979556 29.502957
59.979556 31.817265
60.043491 31.881200
63.509934 31.881200
63.573869 31.817265
63.573869 30.396517
63.638022 30.332364
64.025777 30.332364
64.089930 30.396517
64.089930 30.724701
64.046943 30.767906
64.030359 30.808056
64.030359 32.273537
63.966206 32.337690
62.724169 32.337690
62.660234 32.401625
62.660234 32.452249
62.596081 32.516402
59.170006 32.516402
59.105853 32.452249
59.105853 32.183636
59.170006 32.119483
59.578272 32.119483
59.642207 32.055548
59.642207 29.502957
59.706360 29.438804
59.915403 29.438804
59.979556 29.502957
28
67.604597 30.396517
67.604597 30.724701
67.540444 30.788854
67.430249 30.788854
67.366314 30.852788
67.366314 31.201266
67.302161 31.265419
67.033548 31.265419
66.969395 31.201266
66.969395 30.852788
66.905460 30.788854
65.106776 30.788854
65.042842 30.852788
65.042842 31.936407
65.106776 32.000341
66.354487 32.000341
66.394637 31.983758
66.497412 31.881200
67.778727 31.881200
67.842880 31.945353
67.842880 32.273537
67.778727 32.337690
64.650505 32.337690
64.586352 32.273537
64.586352 30.396517
64.650505 30.332364
67.540444 30.332364
67.604597 30.396517
53
68.855580 32.183636
68.855580 33.345809
68.791427 33.409962
68.344102 33.409962
68.279949 33.345809
68.279949 32.878190
68.216014 32.814255
63.081375 32.814255
63.017440 32.878190
63.017440 33.842667
63.081375 33.906602
68.850998 33.906602
68.915151 33.970755
68.915151 36.801124
68.850998 36.865277
67.152689 36.865277
67.088536 36.801124
67.088536 36.115516
67.152689 36.051363
67.382025 36.051363
67.445960 35.987428
67.445960 34.903592
67.382025 34.839657
66.060125 34.839657
65.996190 34.903592
65.996190 35.987428
66.060125 36.051363
66.349031 36.051363
66.413184 36.115516
66.413184 36.801124
66.349031 36.865277
64.888787 36.865277
64.824634 36.801124
64.824634 36.115516
64.888787 36.051363
65.177912 36.051363
65.241847 35.987428
65.241847 34.903592
65.177912 34.839657
63.855793 34.839657
63.791858 34.903592
63.791858 35.987428
63.855793 36.051363
64.085129 36.051363
64.149282 36.115516
64.149282 36.801124
64.085129 36.865277
62.505962 36.865277
62.441809 36.801124
62.441809 32.183636
62.505962 32.119483
68.791427 32.119483
68.855580 32.183636
29
62.838728 32.183636
62.838728 37.813824
62.774575 37.877977
60.480560 37.877977
60.416407 37.813824
60.416407 37.426070
60.480560 37.361917
62.377874 37.361917
62.441809 37.297982
62.441809 32.639907
62.377874 32.575973
60.341126 32.575973
60.277191 32.639907
60.277191 33.047955
60.213038 33.112108
59.685849 33.112108
59.621914 33.176043
59.621914 37.297982
59.685849 37.361917
59.796043 37.361917
59.860196 37.426070
59.860196 37.813824
59.796043 37.877977
59.170006 37.877977
59.105853 37.813824
59.105853 32.183636
59.170006 32.119483
62.774575 32.119483
62.838728 32.183636
9
30.788854 37.306928
30.788854 37.635112
30.724701 37.699265
26.285925 37.699265
26.221772 37.635112
26.221772 37.306928
26.285925 37.242775
30.724701 37.242775
30.788854 37.306928
9
53.545491 37.247358
53.545491 37.635112
53.481338 37.699265
32.183636 37.699265
32.119483 37.635112
32.119483 37.247358
32.183636 37.183205
53.481338 37.183205
53.545491 37.247358
9
59.324061 37.247358
59.324061 37.635112
59.259908 37.699265
54.999843 37.699265
54.935690 37.635112
54.935690 37.247358
54.999843 37.183205
59.259908 37.183205
59.324061 37.247358
